// Components file, created by SPK Libraries V2.46

// Section: SCTYPE_LASER Entries: 57
SCTYPE_LASER;83;
ships\props\bigturret_rightweapon;2;
NULL;0.182744;0.000000;0.978300;0.000000;0.000000;0.000000;
NULL;0.000000;0.017776;0.551788;0.000000;0.000000;0.000000;
ships\props\bigturret_leftweapon;2;
NULL;-0.182744;0.000000;0.978300;0.000000;0.000000;0.000000;
NULL;0.000000;0.131409;0.978302;0.000000;0.000000;0.000000;
ships\props\turretdummy;3;
NULL;0.269895;0.458005;0.996840;0.000000;0.000000;0.000000;
NULL;-0.269916;0.458005;0.996840;0.000000;0.000000;0.000000;
NULL;0.269867;0.457977;0.996826;0.000000;0.000000;0.000000;
ships\props\weapondummy;1;
NULL;0.000000;0.120056;0.935944;0.000000;0.000000;0.000000;
ships\props\invisible_weapon;1;
NULL;-0.000031;0.028748;0.540283;0.000000;0.000000;0.000000;
944;1;
LASERF_ROTATE;-0.000031;0.086548;-0.813232;0.000000;0.000000;1.000000;
772;1;
NULL;-0.000031;-0.245972;0.639771;0.000000;0.000000;0.000000;
111;1;
NULL;-0.000031;0.003998;0.632385;0.000000;0.000000;0.000000;
375;1;
NULL;-0.000031;0.003998;0.632385;0.000000;0.000000;0.000000;
503;2;
NULL;-0.000031;-0.000031;0.985870;0.000000;0.000000;0.000000;
NULL;-0.000031;-0.216125;0.326111;0.000000;0.000000;0.000000;
504;1;
NULL;0.000122;-0.000031;0.955322;0.000000;0.000000;0.000000;
887;1;
NULL;-0.000336;-0.088959;0.848816;0.000000;0.000000;0.000000;
950;1;
NULL;-0.002045;-0.397278;0.561432;0.000000;0.000000;0.000000;
ships\props\m6maingun_moving;1;
NULL;0.000000;-0.000360;0.794557;0.000000;0.000000;0.000000;
ships\props\m6turret4_leftweapon;1;
NULL;-0.000577;0.119540;0.927867;0.000000;0.000000;0.000000;
ships\props\m6turret4_rightweapon;1;
NULL;-0.001654;0.118793;0.931432;0.000000;0.000000;0.000000;
ships\props\m3gun1d_moving;1;
NULL;0.000000;0.000051;0.964585;0.000000;0.000000;0.000000;
ships\props\m3turret1d_weapon;2;
NULL;0.021611;-0.018531;0.987697;0.000000;0.000000;0.000000;
NULL;-0.021603;-0.018531;0.987697;0.000000;0.000000;0.000000;
89;4;
NULL;0.057376;0.034991;0.975556;0.000000;0.000000;0.000000;
NULL;-0.057376;0.034991;0.975556;0.000000;0.000000;0.000000;
NULL;0.057376;-0.034991;0.975556;0.000000;0.000000;0.000000;
NULL;-0.057376;-0.034991;0.975556;0.000000;0.000000;0.000000;
ships\props\weapondummy3;1;
NULL;0.000000;0.247254;0.955073;0.000000;0.000000;0.000000;
ships\props\weapondummy4;1;
NULL;-0.000094;0.148300;0.954920;0.000000;0.000000;0.000000;
ships\props\weapondummy5;1;
NULL;-0.000155;0.236543;0.970017;0.000000;0.000000;0.000000;
ships\props\weapondummy6;1;
NULL;-0.000145;0.212099;0.962463;0.000000;0.000000;0.000000;
ships\props\weapondummy7d;2;
NULL;-0.117696;0.022967;0.846600;0.000000;0.000000;0.000000;
NULL;-0.118225;-0.021505;0.983380;0.000000;0.000000;0.000000;
ships\props\weapondummy8d;2;
NULL;-0.043016;0.117515;0.974974;0.000000;0.000000;0.000000;
NULL;0.042339;0.117171;0.918501;0.000000;0.000000;0.000000;
ships\props\weapondummy2;1;
NULL;0.000000;0.179171;0.968145;0.000000;0.000000;0.000000;
ships\props\weapondummy9d;2;
NULL;0.000285;0.281389;0.971798;0.000000;0.000000;0.000000;
NULL;0.000288;0.191135;0.802328;0.000000;0.000000;0.000000;
ships\props\turretdummy2;2;
NULL;-0.273861;0.356560;0.960418;0.000000;0.000000;0.000000;
NULL;0.273694;0.356560;0.960418;0.000000;0.000000;0.000000;
ships\props\turretdummy3;3;
NULL;-0.188328;0.399437;0.946520;0.000000;0.000000;0.000000;
NULL;0.188139;0.399437;0.946520;0.000000;0.000000;0.000000;
NULL;0.269867;0.457977;0.996826;0.000000;0.000000;0.000000;
ships\props\gatlingf_barrel;3;
NULL;0.111111;0.035028;0.973234;0.000000;0.000000;0.000000;
NULL;-0.003177;-0.111231;0.974426;0.000000;0.000000;0.000000;
NULL;-0.104800;0.065086;0.969279;0.000000;0.000000;0.000000;
ships\props\bigturret4_weapon;2;
NULL;-0.065040;0.001340;0.496070;0.000000;0.000000;0.000000;
NULL;0.064740;0.001340;0.496070;0.000000;0.000000;0.000000;
ships\props\m6turret1_weapon;1;
NULL;0.000000;-0.000000;0.909930;0.000000;0.000000;0.000000;
ships\props\KG_Split_turret_Guns;4;
NULL;-0.129166;0.128096;0.973363;0.000000;0.000000;0.000000;
NULL;0.128409;0.128096;0.973363;0.000000;0.000000;0.000000;
NULL;0.128409;-0.128097;0.973363;0.000000;0.000000;0.000000;
NULL;-0.129166;-0.128097;0.973363;0.000000;0.000000;0.000000;
ships\props\KG_Split_GUN;1;
NULL;0.007489;0.000185;0.971217;0.000000;0.000000;0.000000;
ships\XTC\props\XTC_split_m6a_gbarrel;6;
NULL;0.035793;-0.048566;0.956602;0.000000;0.000000;0.000000;
NULL;-0.023841;0.055281;0.956602;0.000000;0.000000;0.000000;
NULL;0.024163;0.055281;0.956602;0.000000;0.000000;0.000000;
NULL;-0.059956;-0.006715;0.956602;0.000000;0.000000;0.000000;
NULL;-0.035954;-0.048287;0.956602;0.000000;0.000000;0.000000;
NULL;0.059795;-0.006994;0.956602;0.000000;0.000000;0.000000;
ships\XTC\props\XTC_split_m6aturret_barrel1;1;
NULL;0.000000;-0.000000;0.929684;0.000000;0.000000;0.000000;
ships\XTC\props\XTC_split_m6aturret_barrel2;2;
NULL;0.000000;-0.043554;0.929684;0.000000;0.000000;0.000000;
NULL;0.000000;0.044038;0.929684;0.000000;0.000000;0.000000;
ships\props\bigturret_leftweapon3;1;
NULL;-0.009387;0.000015;0.290969;0.000000;0.000000;0.000000;
ships\props\bigturret_rightweapon3;1;
NULL;0.009388;0.000015;0.290969;0.000000;0.000000;0.000000;
ships\props\LaserA;1;
NULL;-0.139712;-0.000002;0.859075;0.000000;0.000000;0.000000;
ships\props\LaserB;1;
NULL;0.000630;0.027220;0.955295;0.000000;0.000000;0.000000;
ships\props\Ft-LaserMoving;1;
NULL;0.000550;0.000800;0.715580;0.000000;0.000000;0.000000;
ships\props\d_turret_B91_left;1;
NULL;-0.122764;-0.003168;0.900097;0.000000;0.000000;0.000000;
ships\props\d_turret_B91_right;1;
NULL;0.122845;-0.003169;0.900097;0.000000;0.000000;0.000000;
ships\props\LaserBW;1;
NULL;0.027726;0.000191;0.696855;0.000000;0.000000;0.000000;
ships\props\LaserBWx1;1;
NULL;-0.002590;0.000190;0.696855;0.000000;0.000000;0.000000;
ships\props\LaserBWx2;1;
NULL;-0.003311;0.000277;0.855586;0.000000;0.000000;0.000000;
ships\props\invisible_weapon_left;1;
NULL;-0.000031;0.028748;0.540283;0.000000;0.000000;0.000000;
ships\props\invisible_weapon_right;1;
NULL;-0.000031;0.028748;0.540283;0.000000;0.000000;0.000000;
ships\props\gatling_collar;1;
NULL;0.000000;0.089171;0.931020;0.000000;0.000000;0.000000;
ships\props\gatling_collar2;1;
NULL;0.000000;-0.293788;0.130397;0.000000;0.000000;0.000000;
ships\props\YT-2400_laser;1;
NULL;0.000000;0.000000;0.994390;0.000000;0.000000;0.000000;
ships\props\Tie_Laser;1;
NULL;0.000004;-0.000022;0.269143;0.000000;0.000000;0.000000;
ships\props\wing-laser;1;
NULL;0.000000;0.000000;0.950812;0.000000;0.000000;0.000000;
ships\props\YT-2400-laserL;1;
NULL;0.000000;0.000520;0.997261;0.000000;0.000000;0.000000;
ships\props\YT-2400-laserR;1;
NULL;0.000000;0.000520;0.997261;0.000000;0.000000;0.000000;
ships\StarWars\Y-Wing\props\Ft-Laser-small;1;
NULL;0.002749;-0.003904;0.747029;0.000000;0.000000;0.000000;

ships\XTC\props\hugeturret_weapon; 4;
NULL; 0.295620;0.006045;0.699301; 0.000000;0.000000;0.000000;
NULL; -0.295620;0.006045;0.699301; 0.000000;0.000000;0.000000;
NULL; 0.295620;-0.027048;0.699301; 0.000000;0.000000;0.000000;
NULL; -0.295620;-0.027048;0.699301; 0.000000;0.000000;0.000000;

ships\XTC\props\m7turret_weapon; 2;
NULL; -0.060443;0.036860;0.974253; 0.000000;0.000000;0.000000;
NULL; 0.060442;0.036860;0.974253; 0.000000;0.000000;0.000000;

ships\Cadius\ATF\Prop\Scatterfire_Weapon; 1;
NULL; 0.064764;0.011209;0.212867; 0.000000;0.000000;0.000000;
ships\Cadius\ATF\Prop\Starlight_Weapon; 2;
NULL; 0.065157;-0.000638;0.070751; 0.000000;0.000000;0.000000;
NULL; -0.064666;-0.000638;0.070751; 0.000000;0.000000;0.000000;
ships\Cadius\ATF\Prop\Revelation_Weapon; 2;
NULL; 0.043242;0.000660;0.234357; 0.000000;0.000000;0.000000;
NULL; -0.043242;0.000660;0.234357; 0.000000;0.000000;0.000000;
ships\Cadius\ATF\Prop\Absolution_Weapon; 2;
NULL; 0.054858;-0.002675;0.351776; 0.000000;0.000000;0.000000;
NULL; -0.054858;-0.002675;0.351776; 0.000000;0.000000;0.000000;
ships\Cadius\ATF\Prop\Prophecy_Weapon; 4;
NULL; -0.120900;0.030957;0.243668; 0.000000;0.000000;0.000000;
NULL; -0.120900;-0.032010;0.243668; 0.000000;0.000000;0.000000;
NULL; 0.120900;0.030957;0.243668; 0.000000;0.000000;0.000000;
NULL; 0.120900;-0.032010;0.243668; 0.000000;0.000000;0.000000;

ships\Cadius\Argon\Prop\Adranus_Weapon; 4;
NULL; -0.210204;-0.034978;0.513827; 0.000000;0.000000;0.000000;
NULL; -0.346029;-0.074239;0.461521; 0.000000;0.000000;0.000000;
NULL; 0.346028;-0.074239;0.461521; 0.000000;0.000000;0.000000;
NULL; 0.210204;-0.034978;0.513827; 0.000000;0.000000;0.000000;
ships\Cadius\Argon\Prop\Orcus_Weapon; 2;
NULL; -0.000001;0.007802;0.073588; 0.000000;0.000000;0.000000;
NULL; -0.000001;-0.007212;0.073588; 0.000000;0.000000;0.000000;
ships\Cadius\Argon\Prop\Vigil_Weapon; 2;
NULL; -0.033099;-0.000067;0.217734; 0.000000;0.000000;0.000000;
NULL; 0.033100;-0.000067;0.217734; 0.000000;0.000000;0.000000;
ships\Cadius\Argon\Prop\Vulcan_Weapon; 4;
NULL; -0.056225;0.029499;0.275451; 0.000000;0.000000;0.000000;
NULL; 0.056224;0.029499;0.275451; 0.000000;0.000000;0.000000;
NULL; -0.056225;-0.030158;0.275451; 0.000000;0.000000;0.000000;
NULL; 0.056224;-0.030158;0.275451; 0.000000;0.000000;0.000000;
ships\Cadius\Argon\Prop\Enyo_Weapon; 2;
NULL; 0.122078;-0.026030;0.430867; 0.000000;0.000000;0.000000;
NULL; -0.122078;-0.026030;0.430867; 0.000000;0.000000;0.000000;

ships\Cadius\Split\Prop\Predator_Weapon; 3;
NULL; 0.147026;-0.017330;0.376690; 0.000000;0.000000;0.000000;
NULL; -0.146766;0.000209;0.389431; 0.000000;0.000000;0.000000;
NULL; 0.147027;0.017289;0.376690; 0.000000;0.000000;0.000000;
ships\Cadius\Split\Prop\Venom_Weapon; 4;
NULL; 0.295349;0.013815;0.905786; 0.000000;0.000000;0.000000;
NULL; -0.295349;0.013815;0.905786; 0.000000;0.000000;0.000000;
NULL; 0.295349;-0.013779;0.905786; 0.000000;0.000000;0.000000;
NULL; -0.295349;-0.013779;0.905786; 0.000000;0.000000;0.000000;
ships\Cadius\Split\Prop\Talon_Weapon; 2;
NULL; 0.070357;0.000000;0.130688; 0.000000;0.000000;0.000000;
NULL; -0.070358;0.000000;0.130688; 0.000000;0.000000;0.000000;
ships\Cadius\Split\Prop\Horz_Talon_Weapon; 2;
NULL; 0.070357;0.000000;0.130688; 0.000000;0.000000;0.000000;
NULL; -0.070358;0.000000;0.130688; 0.000000;0.000000;0.000000;

ships\Cadius\Teladi\Prop\Repeater_Weapon; 1;
NULL; 0.070431;0.012463;0.235585; 0.000000;0.000000;0.000000;
ships\Cadius\Teladi\Prop\Dual_Repeater_Weapon; 2;
NULL; 0.052881;-0.014726;0.176761; 0.000000;0.000000;0.000000;
NULL; 0.052881;0.014915;0.176761; 0.000000;0.000000;0.000000;
ships\Cadius\Teladi\Prop\Horz_Repeater_Weapon; 2;
NULL; 0.070545;-0.019232;0.234802; 0.000000;0.000000;0.000000;
NULL; 0.070545;0.019672;0.234802; 0.000000;0.000000;0.000000;
ships\Cadius\Teladi\Prop\Railgun_Weapon; 2;
NULL; 0.085855;0.010192;0.320670; 0.000000;0.000000;0.000000;
NULL; 0.085855;-0.015556;0.320670; 0.000000;0.000000;0.000000;
ships\Cadius\Teladi\Prop\Kinetic_Cannon_Weapon; 2;
NULL; 0.039306;-0.001947;0.272403; 0.000000;0.000000;0.000000;
NULL; -0.039306;-0.001947;0.272403; 0.000000;0.000000;0.000000;

ships\Cadius\USC\Prop\Scatterfire_Weapon; 2;
NULL; 0.065385;-0.008235;0.072024; 0.000000;0.000000;0.000000;
NULL; 0.065192;0.011649;0.072024; 0.000000;0.000000;0.000000;
ships\Cadius\USC\Prop\Starlight_Weapon; 2;
NULL; 0.065192;0.001250;0.072024; 0.000000;0.000000;0.000000;
NULL; -0.065191;0.001250;0.072024; 0.000000;0.000000;0.000000;
ships\Cadius\USC\Prop\Revelation_Weapon; 2;
NULL; -0.043242;0.000660;0.234357; 0.000000;0.000000;0.000000;
NULL; 0.043242;0.000660;0.234357; 0.000000;0.000000;0.000000;
ships\Cadius\USC\Prop\Absolution_Weapon; 2;
NULL; -0.054858;-0.002675;0.351776; 0.000000;0.000000;0.000000;
NULL; 0.054858;-0.002675;0.351776; 0.000000;0.000000;0.000000;
ships\Cadius\USC\Prop\Prophecy_Weapon; 4;
NULL; 0.120900;-0.032010;0.243668; 0.000000;0.000000;0.000000;
NULL; -0.120900;0.030957;0.243668; 0.000000;0.000000;0.000000;
NULL; -0.120900;-0.032010;0.243668; 0.000000;0.000000;0.000000;
NULL; 0.120900;0.030957;0.243668; 0.000000;0.000000;0.000000;

// Section: SCTYPE_COCKPIT Entries: 149
SCTYPE_COCKPIT;149;
stations\station_scenes\pirate_TL_var1;1;
NULL;0.000000;0.000000;0.000000;0.000000;0.000000;0.000000;
ships\argon\argon_TL;1;
NULL;-0.002731;0.114151;0.664474;0.000000;0.000000;0.000000;
ships\props\cameradummy;3;
NULL;0.000000;0.000000;0.141113;0.000000;0.000000;0.000000;
NULL;0.000000;0.263596;-0.505844;0.000000;0.000000;0.000000;
NULL;-0.000061;0.770233;-0.000931;0.000000;0.000000;0.000000;
ships\argon\argon_TS_storage_S;1;
NULL;-0.007324;0.100677;0.992661;0.000000;0.000000;0.000000;
ships\argon\argon_TP_S;1;
NULL;0.001404;0.276917;-0.607040;0.000000;0.000000;0.000000;
ships\argon\argon_M1;1;
NULL;0.000000;0.096619;0.445572;0.000000;0.000000;0.000000;
ships\argon\argon_M2;1;
NULL;0.000000;0.101395;0.552628;0.000000;0.000000;0.000000;
ships\argon\argon_M3;1;
NULL;0.000000;0.268692;-0.515625;0.000000;0.000000;0.000000;
ships\argon\argon_M4;1;
NULL;0.000000;0.211487;0.724213;0.000000;0.000000;0.000000;
ships\argon\argon_M5;1;
NULL;0.000000;0.500000;-0.100000;0.000000;0.000000;0.000000;
ships\argon\argon_M6;1;
NULL;-0.006439;0.221375;-0.110306;0.000000;0.000000;0.000000;
ships\split\split_TL;1;
NULL;-0.002167;0.176025;-0.116669;0.000000;0.000000;0.000000;
ships\split\split_TS_storage_S;1;
NULL;0.000000;0.380286;-0.384430;0.000000;0.000000;0.000000;
ships\split\split_TP_S;1;
NULL;0.000000;0.279758;-0.412740;0.000000;0.000000;0.000000;
ships\split\split_M1;1;
NULL;-0.002304;0.182266;-0.122604;0.000000;0.000000;0.000000;
ships\split\split_M2;1;
NULL;-0.002304;0.214127;-0.123917;0.000000;0.000000;0.000000;
ships\split\split_M3;1;
NULL;0.000000;0.060000;-0.370000;0.000000;0.000000;0.000000;
ships\split\split_M4;1;
NULL;0.000000;0.180000;-0.550000;0.000000;0.000000;0.000000;
ships\split\split_M5;1;
NULL;0.000000;0.000000;0.000000;0.000000;0.000000;0.000000;
ships\split\split_M6;1;
NULL;0.000000;0.125198;-0.027847;0.000000;0.000000;0.000000;
ships\paranid\paranid_TL;1;
NULL;-0.002243;0.245300;0.591583;0.000000;0.000000;0.000000;
ships\paranid\paranid_TS_storage_S;1;
NULL;0.000473;0.485260;-0.233673;0.000000;0.000000;0.000000;
ships\paranid\paranid_TP_S;1;
NULL;0.000290;0.317856;-0.515625;0.000000;0.000000;0.000000;
ships\paranid\paranid_M1;1;
NULL;0.000000;0.277191;0.366913;0.000000;0.000000;0.000000;
ships\paranid\paranid_M2;1;
NULL;-0.002151;0.092865;0.568771;0.000000;0.000000;0.000000;
ships\paranid\paranid_M3;1;
NULL;0.000000;0.177709;0.084814;0.000000;0.000000;0.000000;
ships\paranid\paranid_M4;1;
NULL;0.000000;0.336349;-0.300468;0.000000;0.000000;0.000000;
ships\paranid\paranid_M5;1;
NULL;0.000031;0.500656;-0.020615;0.000000;0.000000;0.000000;
ships\paranid\paranid_M6;1;
NULL;-0.002289;0.067383;0.365051;0.000000;0.000000;0.000000;
ships\boron\boron_TL;1;
NULL;-0.000046;-0.016479;0.708344;0.000000;0.000000;0.000000;
ships\boron\boron_TS_storage_S;1;
NULL;0.001160;0.495438;0.391312;0.000000;0.000000;0.000000;
ships\boron\boron_TP_S;1;
NULL;-0.000137;0.306885;0.545151;0.000000;0.000000;0.000000;
ships\boron\boron_M1;1;
NULL;0.000000;0.075821;0.689301;0.000000;0.000000;0.000000;
ships\boron\Boron_M2;1;
NULL;0.000153;0.124741;0.694717;0.000000;0.000000;0.000000;
ships\boron\boron_M3;1;
NULL;0.000000;0.321603;-0.025406;0.000000;0.000000;0.000000;
ships\boron\boron_M4;1;
NULL;0.000000;0.299362;-0.391479;0.000000;0.000000;0.000000;
ships\boron\boron_M5;1;
NULL;0.000000;0.290000;-0.448120;0.000000;0.000000;0.000000;
ships\boron\boron_M6;1;
NULL;0.000000;0.102493;0.713440;0.000000;0.000000;0.000000;
ships\teladi\teladi_TL;1;
NULL;0.079010;0.169510;0.098770;0.000000;0.000000;0.000000;
ships\teladi\teladi_TS_storage_S;1;
NULL;0.000015;0.413422;-0.305115;0.000000;0.000000;0.000000;
ships\teladi\teladi_TP_S;1;
NULL;0.000000;0.356537;-0.535690;0.000000;0.000000;0.000000;
ships\teladi\teladi_M1;1;
NULL;0.136154;0.292099;0.054810;0.000000;0.000000;0.000000;
ships\teladi\teladi_M2;1;
NULL;0.059982;0.141037;-0.450882;0.000000;0.000000;0.000000;
ships\teladi\teladi_M3;1;
NULL;0.000000;0.106155;0.780792;0.000000;0.000000;0.000000;
ships\teladi\teladi_M4;1;
NULL;0.000000;0.310238;0.021210;0.000000;0.000000;0.000000;
ships\teladi\teladi_M5;1;
NULL;0.000000;0.240000;0.100000;0.000000;0.000000;0.000000;
ships\xenon\Xenon_M1;1;
NULL;0.000000;0.148587;0.174705;0.000000;0.000000;0.000000;
ships\xenon\Xenon_m3;1;
NULL;0.000000;0.540451;0.226196;0.000000;0.000000;0.000000;
ships\xenon\xenon_M5;1;
NULL;0.000000;1.140448;0.198044;0.000000;0.000000;0.000000;
ships\xenon\xenon_M6;1;
NULL;0.000000;0.330688;0.179810;0.000000;0.000000;0.000000;
ships\argon\argon_TS_liquidstorage_M;1;
NULL;-0.006012;0.285049;-0.613785;0.000000;0.000000;0.000000;
ships\teladi\teladi_m3_var3;1;
NULL;0.000000;0.025585;0.799744;0.000000;0.000000;0.000000;
ships\argon\argon_M4_var2;1;
NULL;-0.000107;0.280457;0.897873;0.000000;0.000000;0.000000;
ships\teladi\teladi_m5_var2;1;
NULL;0.000000;0.278000;0.090000;0.000000;0.000000;0.000000;
939;1;
NULL;-0.000031;-0.000031;0.396393;0.000000;0.000000;0.000000;
771;1;
NULL;0.000000;-0.100000;0.430000;0.000000;0.000000;0.000000;
124;1;
NULL;-0.000031;0.060852;0.826111;0.000000;0.000000;0.000000;
ships\others\astronaut;1;
NULL;-0.078293;0.806793;0.385559;0.000000;0.000000;0.000000;
ships\others\goner_M3;1;
NULL;-0.007370;0.280014;-0.466385;0.000000;0.000000;0.000000;
976;1;
NULL;0.000000;0.250000;0.500000;0.000000;0.000000;0.000000;
46;1;
NULL;-0.164856;0.302521;-0.024353;0.000000;0.000000;0.000000;
950;1;
NULL;-0.000031;-0.000031;0.049652;0.000000;0.000000;0.000000;
10465;1;
NULL;-0.000031;0.166718;0.866455;0.000000;0.000000;0.000000;
ships\terran\terran_M2;1;
NULL;-0.003159;0.180145;-0.155258;0.000000;0.000000;0.000000;
ships\terran\terran_M3;1;
NULL;0.000000;0.212305;0.783218;0.000000;0.000000;0.000000;
ships\terran\terran_M5;1;
NULL;-0.009933;0.287023;0.683426;0.000000;0.000000;0.000000;
ships\others\pirate_TL_var2;1;
NULL;0.089569;0.150208;0.617065;0.000000;0.000000;0.000000;
ships\others\goner_M6;1;
NULL;0.000000;0.285004;-0.205353;0.000000;0.000000;0.000000;
ships\argon\argon_TS_liquid_S;1;
NULL;0.000000;0.428925;-0.417221;0.000000;0.000000;0.000000;
ships\argon\argon_TS_storage_M;1;
NULL;-0.006119;0.294785;-0.615891;0.000000;0.000000;0.000000;
ships\argon\argon_TS_liquid_M;1;
NULL;0.000000;0.471451;-0.990204;0.000000;0.000000;0.000000;
ships\argon\argon_TP_L;1;
NULL;-0.000046;0.165909;-0.757629;0.000000;0.000000;0.000000;
ships\argon\argon_TS_liquidstorage_L;1;
NULL;-0.003662;0.168701;-0.757401;0.000000;0.000000;0.000000;
ships\props\cameradummy;1;
NULL;0.000000;0.268188;-0.514664;0.000000;0.000000;0.000000;
ships\props\cameradummy;1;
NULL;0.000000;0.273880;-0.504196;0.000000;0.000000;0.000000;
ships\props\cameradummy;1;
NULL;0.000000;0.263596;-0.505844;0.000000;0.000000;0.000000;
ships\argon\argon_M4_var1;1;
NULL;0.000000;0.262772;0.841232;0.000000;0.000000;0.000000;
ships\argon\argon_M4_var3;1;
NULL;-0.000107;0.137283;0.847458;0.000000;0.000000;0.000000;
ships\argon\argon_M5_var1;1;
NULL;0.000000;0.500000;-0.100000;0.000000;0.000000;0.000000;
ships\argon\argon_M5_var2;1;
NULL;0.000000;0.400000;-0.100000;0.000000;0.000000;0.000000;
ships\argon\argon_M5_var3;1;
NULL;0.000000;0.550000;-0.100000;0.000000;0.000000;0.000000;
ships\split\split_TS_liquid_S;1;
NULL;-0.007904;0.392212;-0.153824;0.000000;0.000000;0.000000;
ships\split\split_TS_storage_M;1;
NULL;-0.005493;0.292404;-0.413422;0.000000;0.000000;0.000000;
ships\split\split_TS_liquid_M;1;
NULL;-0.005463;0.289413;-0.409149;0.000000;0.000000;0.000000;
ships\split\split_TP_L;1;
NULL;0.000000;0.176191;-0.435555;0.000000;0.000000;0.000000;
ships\split\split_TS_liquidstorage_M;1;
NULL;-0.005417;0.289581;-0.409393;0.000000;0.000000;0.000000;
ships\split\split_TS_liquidstorage_L;1;
NULL;-0.003464;0.189331;-0.627411;0.000000;0.000000;0.000000;
ships\split\Split_M3_var1;1;
NULL;0.000000;0.188585;-0.393478;0.000000;0.000000;0.000000;
ships\split\Split_M3_var2;1;
NULL;0.000000;0.111832;-0.364456;0.000000;0.000000;0.000000;
ships\split\Split_M3_var3;1;
NULL;0.000000;0.126358;-0.391785;0.000000;0.000000;0.000000;
ships\Split\Split_M4_var1;1;
NULL;-0.000015;0.160000;-0.357178;0.000000;0.000000;0.000000;
ships\split\Split_M4_var2;1;
NULL;0.000000;0.250168;-0.468460;0.000000;0.000000;0.000000;
ships\split\Split_M4_var3;1;
NULL;-0.000031;0.143280;-0.291992;0.000000;0.000000;0.000000;
ships\split\Split_m5_var1;1;
NULL;0.000000;0.115982;-0.123688;0.000000;0.000000;0.000000;
ships\split\Split_m5_var2;1;
NULL;0.000000;0.057480;0.009018;0.000000;0.000000;0.000000;
ships\split\split_m5_var3;1;
NULL;0.000000;0.107864;-0.303543;0.000000;0.000000;0.000000;
ships\paranid\paranid_TS_liquid_S;1;
NULL;0.000473;0.482254;-0.231125;0.000000;0.000000;0.000000;
ships\paranid\paranid_TS_storage_M;1;
NULL;0.000336;0.345734;-0.455551;0.000000;0.000000;0.000000;
ships\paranid\paranid_TP_L;1;
NULL;0.000214;0.201035;-0.645508;0.000000;0.000000;0.000000;
ships\paranid\paranid_TS_liquidstorage_M;1;
NULL;0.000336;0.346878;-0.462753;0.000000;0.000000;0.000000;
ships\paranid\paranid_TS_liquidstorage_L;1;
NULL;0.000183;0.211151;-0.657303;0.000000;0.000000;0.000000;
ships\paranid\Paranid_M3_var1;1;
NULL;0.000000;0.190582;0.712097;0.000000;0.000000;0.000000;
ships\paranid\Paranid_M3_var3;1;
NULL;0.000000;0.147980;0.077576;0.000000;0.000000;0.000000;
ships\paranid\paranid_M4_var1;1;
NULL;0.000000;0.275375;-0.330048;0.000000;0.000000;0.000000;
ships\paranid\paranid_m4_var2;1;
NULL;0.000000;0.319641;-0.327026;0.000000;0.000000;0.000000;
ships\paranid\paranid_m4_var3;1;
NULL;0.000000;0.327499;-0.324142;0.000000;0.000000;0.000000;
ships\paranid\paranid_m5_var2;1;
NULL;0.000031;0.528320;-0.021759;0.000000;0.000000;0.000000;
ships\paranid\paranid_m5_var3;1;
NULL;0.000031;0.553558;-0.002797;0.000000;0.000000;0.000000;
ships\boron\boron_TS_liquid_S;1;
NULL;0.001160;0.513641;0.413696;0.000000;0.000000;0.000000;
ships\boron\boron_TS_storage_M;1;
NULL;-0.000137;0.294327;0.631683;0.000000;0.000000;0.000000;
ships\boron\boron_TS_liquid_M;1;
NULL;-0.000137;0.310089;0.491745;0.000000;0.000000;0.000000;
ships\boron\boron_TP_L;1;
NULL;-0.000214;0.205841;0.467941;0.000000;0.000000;0.000000;
ships\boron\boron_TS_liquidstorage_M;1;
NULL;-0.000137;0.316605;0.487991;0.000000;0.000000;0.000000;
ships\boron\boron_TS_liquidstorage_L;1;
NULL;-0.000092;0.196014;0.722870;0.000000;0.000000;0.000000;
ships\boron\Boron_m5_var1;1;
NULL;0.000000;0.260000;-0.400000;0.000000;0.000000;0.000000;
ships\boron\Boron_M5_var2;1;
NULL;0.000000;0.220352;-0.309860;0.000000;0.000000;0.000000;
ships\boron\Boron_m5_var3;1;
NULL;0.000000;0.220627;-0.226639;0.000000;0.000000;0.000000;
ships\teladi\teladi_TS_liquid_S;1;
NULL;-0.000015;0.381271;-0.315781;0.000000;0.000000;0.000000;
ships\teladi\teladi_TS_storage_M;1;
NULL;0.000015;0.290375;-0.513748;0.000000;0.000000;0.000000;
ships\teladi\teladi_TS_liquid_M;1;
NULL;0.000000;0.280090;-0.532639;0.000000;0.000000;0.000000;
ships\teladi\teladi_TP_L;1;
NULL;0.000000;0.340921;-0.718857;0.000000;0.000000;0.000000;
ships\teladi\teladi_TS_liquidstorage_M;1;
NULL;0.000076;0.284088;-0.522369;0.000000;0.000000;0.000000;
ships\teladi\teladi_TS_liquidstorage_L;1;
NULL;0.000000;0.181458;-0.697418;0.000000;0.000000;0.000000;
ships\teladi\teladi_m3_var1;1;
NULL;0.000000;0.005463;0.782608;0.000000;0.000000;0.000000;
ships\teladi\teladi_m3_var2;1;
NULL;0.000000;0.021835;0.785919;0.000000;0.000000;0.000000;
ships\teladi\teladi_m4_var1;1;
NULL;0.000000;0.306009;0.019989;0.000000;0.000000;0.000000;
ships\teladi\teladi_m4_var2;1;
NULL;0.000000;0.230000;0.020000;0.000000;0.000000;0.000000;
ships\teladi\teladi_m4_var3;1;
NULL;0.000000;0.307650;0.018692;0.000000;0.000000;0.000000;
ships\teladi\teladi_m5_var1;1;
NULL;0.000000;0.420570;0.095749;0.000000;0.000000;0.000000;
ships\teladi\teladi_m5_var3;1;
NULL;0.000000;0.420000;0.075000;0.000000;0.000000;0.000000;
ships\others\sargon;1;
NULL;-0.009201;0.079300;0.426117;0.000000;0.000000;0.000000;
ships\paranid\paranid_M5_var1;1;
NULL;0.000031;0.528320;-0.021759;0.000000;0.000000;0.000000;
ships\teladi\teladi_M6;1;
NULL;0.000000;0.000000;0.800000;0.000000;0.000000;0.000000;
ships\argon\argon_M3_var2;1;
NULL;0.000000;0.398692;-0.515625;0.000000;0.000000;0.000000;
ships\xenon\Xenon_Carrier;1;
NULL;0.129211;0.232080;-0.825990;0.000000;0.000000;0.000000;
ships\xenon\xenon_M4;1;
NULL;0.000000;0.640448;0.198044;0.000000;0.000000;0.000000;
ships\X3AP\argon\PrideOfAlbion;1;
NULL;0.12000;0.640448;1.0;0.000000;0.000000;0.000000;
ships\StarWars\A-Wing\parts\canopy;1;
NULL;0.000001;0.461924;-0.178205;0.000000;0.000000;0.000000;
ships\Deadly\Banshee-M4\props\Cockpit;1;
NULL;0.000000;0.720496;0.371669;0.000000;0.000000;0.000000;
ships\StarWars\B-Wing\parts\cmd-pod;1;
NULL;0.000000;0.537452;0.550355;0.000000;0.000000;0.000000;
ships\Deadly\Darkship\parts\canopy;1;
NULL;0.000000;0.438645;0.245141;0.000000;0.000000;0.000000;
ships\terran\terran_D_TL_bridge;1;
NULL;-0.000001;0.093561;0.949543;0.000000;0.000000;0.000000;
ships\StarWars\ISD\parts\bridge;1;
NULL;0.000000;0.401967;0.915516;0.000000;0.000000;0.000000;
ships\Bab-5\MonsoonGunboat\Parts\bridge;1;
NULL;0.000000;0.189562;0.915225;0.000000;0.000000;0.000000;
ships\Deadly\Sulaco\parts\bridge;1;
NULL;-0.000000;-0.639343;0.356871;0.000000;0.000000;0.000000;
ships\StarWars\Tie-Defender\parts\hull;1;
NULL;0.000000;0.009695;0.966408;0.000000;0.000000;0.000000;
ships\StarWars\Tie-Interceptor\parts\hull;1;
NULL;0.000000;0.000000;0.849993;0.000000;0.000000;0.000000;
ships\StarWars\X-Wing\parts\canopy;1;
NULL;0.000023;0.632601;0.393482;0.000000;0.000000;0.000000;
ships\StarWars\Y-Wing\props\cabin;1;
NULL;-0.000001;0.176470;0.593423;0.000000;0.000000;0.000000;

// Section: SCTYPE_DOCKING Entries: 1
SCTYPE_DOCKING;1;
10524;1;
NULL;0.000000;0.000000;-0.837097;
