/JobWings.txt
3;1001;1001;1003;1003;1003;1003;1003;1003
4;1001
5;1002
6;1007
7;1008
8;1009
9;1109;1111
10;1110;1111
11;1110;1110
12;1109;1109
13;1014
14;1013
15;1101;1101;1103;1103;1103;1103;1103
16;1101;1101;1101;1102;1102;1102;1102
17;1104
18;1105
19;1106
20;1015
21;1016
22;1017
23;1107;1108
24;1108;1108
25;1010
26;1011
27;1012
28;1004
29;1005
30;1006
31;1004;1004;1006;1006;1006;1006;1006;1006
32;1004
33;1005
34;1115
35;1116
36;1112;1112;1112;1112;1112;1112
37;1114;1114;1114;1114;1114;1113;1113
38;1114;1114;1113;1113;1113;1113;1113;1113
39;1018;1018;1020;1020;1020;1020;1020;1020
40;1018
41;1019
42;1021
43;1022
44;1023
45;305
46;306
47;314
48;315
49;1024
50;1025
51;1026
52;1027
53;319
54;320
55;322;322
56;326;327;328;329
57;336;336
58;341
59;347
60;1201
62;1204
63;1205
64;1207;1208
68;331
69;2109
70;1221;1221
71;1223;1223
72;1231
73;1232
74;1241
75;1242
76;1251
77;1252
78;1261
79;1262
80;1301
81;1310
82;1328
83;1319
84;1337
85;2111;2112;2113;2114
86;1272
87;1273
88;1275
89;353;353
90;1282
91;1283
92;1285
93;1286
94;1288
95;1289
96;1291
97;1292
98;354
99;355
100;356
101;357
102;358
103;1294
104;2114;2115;2116;2117;2116;2117;2116;2117
105;1302
106;1311
107;1329
108;1320
109;1338
110;1302;1301;1301;1301;1301
111;1311;1310;1310;1310;1310
112;1329;1328;1328;1328;1328
113;1320;1319;1319;1319;1319
114;1338;1337;1337;1337;1337
115;2115;2116;2117
116;2111;2112;2113;2114;2111;2112;2113
117;1101;1102
118;1352;1352;1352;1352;1352;1353;1354;1355;1355
119;1352;1352;1352;1352;1352;1353;1354;1355;1355
120;1352;1355;1355
121;6505
122;6506
123;6508;6509
124;7000;7001;7002
125;7003;7004;7005
126;7000;7001;7002;7003;7004;7005
127;7006;7007;7008
128;7006
129;7006
130;7006
131;7100;7101;7102
132;7103;7104;7105
133;7100;7101;7102;7103;7104;7105
134;7106;7107;7108
135;7106
136;7106
137;7106
138;6650
139;6651
140;1303
141;1312
142;1330
143;1321
144;1339
145;1028
146;1029
147;1030
148;1031
149;365
150;366
151;1118;1119;1101;1101;1102;1117
152;1117
153;368;368;368
154;374;375;375
155;376
156;378
157;381;382;382
158;383
159;385
160;10301
161;10302
162;10306;10307
163;10307
164;10333
165;10313;10314;10315;10316
166;10314;10315
167;10346
168;10347
169;10344
170;12205
171;12206
172;12208
173;11201;11202
174;11205;11202
175;11203;11204
176;1352;1351;1351;1351;1351
177;1351
178;1353
179;1352
180;10351
181;10352;10353;10353
