// Created with X3 Editor 2 (2.0.27.0)
// Plugin T File Editor (1.1.19.0)
55;59;
effects\weapons\bullet_LS_alpha;0;0;0;0;-1;9001;220;4;907;1200;581000;0;48;16;192;0.07;0.07;4.0;0;15;22;21;0;0;0;150;0;0;0;0;0;0;0;0;0;0;88;9;128;10000;25;1;0;10000;-100000;0;0;SS_BULLET_IRE;
effects\weapons\bullet_PR_alpha;0;0;0;0;-1;9001;1155;23;908;2740;351500;1;96;16;192;0.07;0.07;3.0;0;16;33;143;0;0;0;150;0;0;0;0;0;0;0;0;0;0;460;56;128;10000;25;1;0;10000;-100000;0;0;SS_BULLET_PAC;
10436;575;0;0;0.5;-1;9001;0;1;1205;1350;369500;96;48;48;48;5.0;5.0;20.0;0;19;33;45;0;1156;0;0;0;0;0;0;0;0;0;0;0;0;0;13;42;10000;25;1;0;10000;-100000;0;0;SS_BULLET_MASS;
effects\weapons\bullet_Repeat;0;0;0;0;-1;9001;680;13;908;1490;780000;1;192;192;16;0.07;0.07;4.0;0;182;183;72;0;0;0;150;0;0;0;0;0;0;0;0;0;0;271;29;128;10000;25;1;0;10000;-100000;0;0;SS_BULLET_PRG;
effects\weapons\bullet_EnergyBolt;0;0;0;-1.1;-1;9001;1357;4;908;4660;302000;64;192;192;16;0.07;0.07;4.0;0;192;191;217;0;0;0;150;0;0;0;0;0;0;0;0;0;0;540;86;93;10000;25;1;0;10000;-100000;0;0;SS_BULLET_EBC;
effects\weapons\bullet_FragBomb;0;0;0;0;-1;9001;2793;61;908;5500;179500;4096;192;192;16;0.07;0.07;4.0;0;184;185;471;0;0;0;150;0;0;0;0;0;0;36;5;0;0;1113;188;128;10000;25;1;0;10000;-100000;0;0;SS_BULLET_FBL;
effects\weapons\bullet_PL_alpha;0;0;0;0;-1;9001;1995;40;909;5360;215500;0;48;192;16;0.07;0.07;4.0;0;17;24;332;0;112;0;180;0;0;0;0;0;0;0;0;0;0;795;132;128;10000;25;1;0;10000;-100000;0;0;SS_BULLET_HEPT;
300;0;0;0;0;-1;9001;1575;78;0;463;1013626;532;50;50;255;1.0;1.0;8.0;0;57;34;5;0;113;0;255;0;15;1000;0;0;0;0;0;0;0;482;2;128;10000;25;1;0;10000;-100000;0;0;SS_BULLET_IOND;
10458;0;0;0;0;-1;9001;945;14;912;140;3490000;0;91;118;129;0.07;0.07;20.0;0;50;49;35;0;0;0;255;0;0;0;0;0;0;0;0;0;0;286;11;128;10000;25;1;0;10000;-100000;0;0;SS_BULLET_PBE;
effects\weapons\bullet_flamethrower;0;0;0;0;-1;9001;351;170;907;1800;177500;2056;200;128;255;1.0;1.0;0.5;172;58;22;80;0;0;0;150;0;0;0;0;560;1000;0;0;0;0;2682;611;128;10000;25;1;0;10000;-100000;0;0;SS_BULLET_PD;
effects\weapons\bullet_emp;0;0;0;0;-1;9001;3000;31;909;3405;294000;2048;192;192;0;0.08;0.08;5.0;0;23;25;850;0;112;0;180;0;0;0;0;1000;2000;0;0;0;0;600;334;128;10000;25;1;0;10000;-100000;0;0;SS_BULLET_EMP;
effects\weapons\bullet_push;0;0;0;0.5;0;0;7845;246;916;8250;210000;0;255;255;255;1.0;1.0;1.0;0;70;202;2615;0;112;0;180;0;0;0;0;0;0;0;0;0;0;3126;1042;128;0;0;0;0;0;-100000;0;0;SS_BULLET_CIG;
effects\weapons\bullet_IonPulse;0;0;0;0.9;-1;9001;12563;456;909;11200;173500;4608;128;192;16;0.07;0.07;4.0;0;178;179;523;0;112;0;180;0;20;1200;0;0;0;44;1;0;0;5006;208;128;10000;25;1;0;10000;-100000;0;0;SS_BULLET_IPG;
effects\weapons\bullet_ElectroSpike;0;0;0;0.6;-1;9001;2671;124;909;6700;249000;1024;128;192;16;0.07;0.07;4.0;0;151;152;962;0;112;0;180;0;0;0;45;0;0;0;0;0;0;1064;383;128;10000;25;1;0;10000;-100000;0;0;SS_BULLET_ESR;
effects\weapons\bullet_MAM;0;0.3;-0.4;0.5;0;0;8350;45;916;8150;222500;320;255;255;255;1.0;1.0;1.0;0;196;195;3095;0;112;0;180;0;0;0;0;0;0;0;0;0;0;3327;1233;91;0;0;0;0;0;-100000;0;0;SS_BULLET_MAM;
10458;0;0;0;0;-1;9001;13860;680;916;300;3525500;8448;255;255;255;15.0;15.0;3.0;170;155;157;2093;0;0;0;210;150;0;0;0;0;0;0;0;0;0;5523;834;128;10000;25;1;0;10000;-100000;0;0;SS_BULLET_FLAK_ALPHA;
effects\weapons\bullet_MD;0;0;0;0;-1;9001;11781;675;916;900;1100000;12288;255;255;255;17.0;17.0;3.0;170;156;157;1758;0;0;0;210;200;0;0;0;0;0;37;4;0;0;4695;700;128;10000;25;1;0;10000;-100000;0;0;SS_BULLET_FLAK_CLUSTER;
effects\weapons\bullet_palc;0;0;0;0;-1;9001;3969;117;0;2490;1280500;2;192;192;192;1.0;1.0;5.0;0;23;24;2970;0;112;0;255;0;0;0;0;0;0;0;0;0;0;1581;1183;128;10000;25;1;0;10000;-100000;0;0;SS_BULLET_PAL;
225;0;0;0;0;-1;9001;1996;449;909;5682;127000;8;200;128;255;1.0;1.0;1.0;0;58;22;106;0;0;0;150;0;0;0;0;0;0;0;0;0;0;16470;875;128;10000;25;1;0;10000;-100000;0;0;SS_BULLET_PSG;
300;0;0;0;0;-1;9001;20785;1200;916;1000;1000000;0;255;255;255;15.0;15.0;3.0;0;199;200;3374;0;0;0;180;0;0;0;0;0;0;40;4;0;0;8283;1344;128;10000;25;1;0;10000;-100000;0;0;SS_BULLET_TERANTIFIGHTER;
518;0;0;0;0;-1;9001;63778;576;909;19890;166500;8192;192;192;0;0.1;0.1;5.0;0;53;52;11340;0;112;0;180;3500;0;0;0;0;0;0;0;4;4;13698;2435;128;10000;25;1;0;10000;-100000;0;0;SS_BULLET_PPC;
effects\weapons\bullet_IonCannon;0;0;0;0.25;-1;9001;119148;907;909;13250;193500;9728;192;192;0;0.1;0.1;5.0;0;180;181;6840;0;112;0;180;4000;30;1600;500;0;0;0;0;2;3;25590;1469;128;10000;25;1;0;10000;-100000;0;0;SS_BULLET_IONC;
effects\weapons\bullet_GaussCannon;0;0;0;-0.5;-1;9001;28540;86;909;13560;176500;64;192;192;0;0.1;0.1;5.0;0;194;193;12130;0;112;0;180;300;0;0;0;0;0;0;0;0;0;6130;2605;94;10000;25;1;0;10000;-100000;0;0;SS_BULLET_GAUSS;
effects\weapons\bullet_FireBomb;0;0;0;0;-1;9001;50860;526;909;16500;156000;10240;192;192;0;0.1;0.1;5.0;0;198;197;9000;0;112;0;180;2750;0;0;0;5000;5000;0;0;2;2;10923;1933;128;10000;25;1;0;10000;-100000;0;0;SS_BULLET_IBL;
effects\weapons\bullet_PointSing;0;0.1;0.1;-0.1;-1;9001;252310;2500;909;20000;160500;8448;192;192;0;0.1;0.1;5.0;0;189;190;95812;0;112;0;180;5000;0;0;0;0;0;0;0;2;2;68192;25895;128;10000;25;1;0;10000;-100000;0;0;SS_BULLET_PSP;
effects\X3AP\weapons\TOL_bullet;0;0;0;0;-1;9001;14280;202;0;550;5322000;2;192;192;192;1.0;1.0;5.0;0;15;22;6500;0;112;0;255;450;0;0;0;0;0;0;0;0;0;4376;1992;128;10000;25;1;0;10000;-100000;0;0;SS_BULLET_PBC;
effects\weapons\bullet_tbc;0;0;0;0;-1;9001;7532;253;0;1100;2815000;2;192;192;192;1.0;1.0;5.0;0;23;24;5321;0;112;0;255;0;0;0;0;0;0;0;0;0;0;2308;1631;128;10000;25;1;0;10000;-100000;0;0;SS_BULLET_TRIBEAM;
effects\weapons\bullet_fbc;0;0;0;0;-1;9001;3780;117;0;2493;1330384;2050;192;192;192;1.0;1.0;5.0;0;23;24;5400;0;112;0;255;0;0;0;0;0;0;0;0;0;0;1158;1655;128;10000;25;1;0;10000;-100000;0;0;SS_BULLET_FUSIONBEAM;
10678;0;0;0;0.2;-1;9001;2362;415;906;57500;42000;0;100;100;255;1.0;1.0;8.0;0;69;25;6500;0;112;0;180;0;0;0;0;0;0;0;0;0;0;638;1756;128;10000;25;1;0;10000;-100000;0;0;SS_BULLET_MINING;
525;0;0;0;0;-1;9001;0;1000;909;500;2000000;2;255;255;255;1.0;1.0;1.0;0;18;0;0;0;0;0;255;0;0;0;0;0;0;0;0;0;0;0;0;128;10000;25;1;0;10000;-100000;0;0;SS_BULLET_TUG;
10459;0;0;0;0;-1;9001;11781;65;916;4000;12500000;12288;255;255;255;17.0;17.0;3.0;0;156;157;1758;0;0;0;180;200;0;0;0;0;0;37;12;0;0;1532;229;128;10000;25;1;0;10000;-100000;0;0;SS_BULLET_DUMMY1;
525;0;0;0;0.7;-1;9001;700;17;0;300;2996995;2;128;0;255;1.0;1.0;8.0;0;18;180;350;0;111;0;180;0;0;0;0;0;0;0;0;0;0;91;46;128;10000;25;1;0;10000;-100000;0;0;SS_BULLET_DUMMY2;
525;0;0;0;0.7;-1;9001;700;17;0;300;2996995;2;128;0;255;1.0;1.0;8.0;0;18;0;350;0;111;0;180;0;0;0;0;0;0;0;0;0;0;279;139;128;10000;25;1;0;10000;-100000;0;0;SS_BULLET_KH_ALPHA;
526;0;0;0;0;-1;9001;2500;150;0;350;4882882;2;255;255;255;1.0;1.0;8.0;0;18;0;1500;0;111;0;255;0;0;0;0;0;0;0;0;0;0;995;597;128;10000;25;1;0;10000;-100000;0;0;SS_BULLET_KH_BETA;
527;0;0;0;0;-1;9001;7500;500;0;400;6071500;2;255;255;0;1.0;1.0;8.0;0;18;0;4500;0;111;0;255;0;0;0;0;0;0;0;0;0;0;2989;1793;128;10000;25;1;0;10000;-100000;0;0;SS_BULLET_KH_GAMMA;
effects\weapons\bullet_Repair;0;0;0;0;-1;9001;0;20;0;500;2200000;162;255;150;1;1.0;1.0;5.0;0;18;0;40;0;113;0;180;0;0;0;0;0;0;0;0;0;0;0;16;128;10000;25;1;0;10000;-100000;0;0;SS_BULLET_REPAIR;
effects\weapons\bullet_FragBomb_Fragment;0;0;0;0;-1;9001;220;4;907;300;250000;256;48;16;192;1.0;1.0;4.0;0;186;185;21;0;0;0;130;0;0;0;0;0;0;0;0;0;0;88;9;128;10000;25;1;0;10000;-100000;0;0;SS_BULLET_FBL_FRAG;
effects\weapons\bullet_LS_alpha;0;0;0;0;-1;9001;220;4;907;400;1050000;256;48;16;192;12.0;12.0;3.0;0;156;22;21;1;0;0;150;0;0;0;0;0;0;15;3;0;0;88;9;128;10000;25;1;0;10000;-100000;0;0;SS_BULLET_FLAK_CLUSTER_FRAG;
effects\weapons\bullet_LS_alpha;0;0;0;0;-1;9001;220;4;907;200;600000;256;48;16;192;12.0;12.0;3.0;0;156;22;21;0;0;0;150;0;0;0;0;0;0;0;0;0;0;88;9;128;10000;25;1;0;10000;-100000;0;0;SS_BULLET_FLAK_CLUSTER_FRAG_FRAG;
effects\weapons\bullet_LS_alpha;0;0;0;0;-1;9001;220;4;907;1200;581000;256;48;16;192;0.07;0.07;4.0;0;15;22;21;0;0;0;150;0;0;0;0;0;0;0;0;0;0;88;9;128;10000;25;1;0;10000;-100000;0;0;SS_BULLET_FLAK_ALPHA_FRAG;
225;0;0;0;0;-1;9001;220;4;907;1000;127000;8;48;16;192;0.07;0.07;4.0;0;15;22;21;0;0;0;150;0;0;0;0;0;0;0;0;0;0;88;9;128;10000;25;1;0;10000;-100000;0;0;SS_BULLET_TERRANANTIFIGHTER_FRAG;
517;0;0;0;0;-1;9001;2700;28;909;3405;323000;0;192;192;0;0.08;0.08;5.0;0;23;25;1620;0;112;0;180;0;0;0;0;0;0;0;0;0;0;2700;28;128;10000;25;1;0;10000;-100000;0;0;SS_BULLET_EMP_1;
effects\weapons\bullet_MAM;0;0.3;-0.4;0.5;0;0;7845;246;916;8150;244500;320;255;255;255;1.0;1.0;1.0;0;196;195;2615;0;112;0;180;0;0;0;0;0;0;0;0;0;0;7845;246;91;0;0;0;0;0;-100000;0;0;SS_BULLET_MAM_1;
300;0;0;0;0;-1;9001;20785;1200;916;1000;1100000;0;255;255;255;15.0;15.0;3.0;0;199;200;3374;0;0;0;180;0;0;0;0;0;0;0;0;0;0;20785;1200;128;10000;25;1;0;10000;-100000;0;0;SS_BULLET_TERRANANTIFIGHTER_1;
10459;0;0;0;0;-1;9001;12563;456;909;0;0;768;128;192;16;12.0;12.0;4.0;0;178;179;523;0;112;0;180;0;20;1200;0;0;0;7;4;0;0;5006;208;128;10000;25;1;0;10000;-100000;0;0;SS_BULLET_IPG_FRAG;
effects\weapons\bullet_IonPulse;0;0;0;0.9;-1;9001;48000;600;916;10000;210000;4608;75;0;130;0.07;0.07;4.0;0;178;179;13500;0;112;0;180;0;20;1200;0;0;0;44;1;0;0;9100;3800;128;10000;25;1;0;10000;-100000;0;0;SS_BULLET_TPC;
effects\weapons\bullet_LS_alpha;0;0;0;0;-1;9001;200;5;907;350;2007500;0;1;121;255;0.08;0.08;4.0;0;15;22;35;0;0;0;120;0;0;0;0;0;0;0;0;0;0;72;16;128;10000;25;1;0;10000;-100000;0;0;SS_BULLET_EMPE;
effects\weapons\bullet_EMR;0;0;0;0;-1;9001;940;7;908;1000;1000000;0;255;255;255;0.04;0.04;4.0;0;15;22;152;0;0;0;150;0;0;0;0;0;0;0;0;0;0;166;64;128;10000;25;1;0;10000;-100000;0;0;SS_BULLET_EMRG;
effects\weapons\bullet_pusht;0;0;0;0.5;-1;9001;9800;198;907;7700;315000;1536;255;255;255;0.07;0.07;1.0;218;196;212;2100;0;112;0;180;0;20;2000;150;0;0;0;0;0;0;1240;266;128;10000;25;1;0;10000;-100000;0;0;SS_BULLET_FPD;
effects\weapons\bullet_ltw;0;0;0;0;-1;9001;44667;100;0;700;4150000;1026;192;192;192;0.2;0.2;5.0;0;244;0;9900;0;-1;0;255;0;0;0;60;0;0;0;0;0;0;10497;2327;128;10000;25;1;0;10000;-100000;0;0;SS_BULLET_GPBC;
effects\weapons\bullet_dmbc;0;0;0;0;-1;9001;451000;917;0;800;3160000;1026;192;192;192;4.0;4.0;10.0;0;242;24;27732;0;-1;0;255;0;0;0;10;0;0;0;0;0;0;11382;6348;128;10000;25;1;0;10000;-100000;0;0;SS_BULLET_DMBC;
effects\weapons\bullet_gpe;0;0;0;0;-1;9001;5102;30;909;2200;600000;0;192;192;0;0.05;0.05;2.0;0;50;183;306;0;112;0;180;0;0;0;0;1000;2000;0;0;0;0;764;48;128;10000;25;1;0;10000;-100000;0;0;SS_BULLET_GPE;
effects\weapons\bullet_fubl;0;0;0;0.5;-1;9001;24100;260;907;10200;260000;0;255;255;255;0.07;0.07;1.0;250;196;185;7810;0;112;0;180;0;20;2000;150;0;0;0;0;0;0;2650;930;128;10000;25;1;0;10000;-100000;0;0;SS_BULLET_FUBL;
effects\weapons\bullet_hepr;0;0;0;0.6;-1;9001;16030;136;909;2900;600000;0;128;192;16;0.008;0.008;1.0;0;17;24;3541;0;0;0;180;0;0;0;45;0;0;0;0;0;0;2410;509;128;10000;25;1;0;10000;-100000;0;0;SS_BULLET_HEPR;
effects\weapons\bullet_pbp;0;0;0;0;-1;9001;235000;1130;1111;11300;295000;0;192;192;0;0.07;0.07;1.0;230;239;210;48771;0;1113;0;255;3500;0;0;0;0;0;0;0;4;4;26100;5645;128;10000;25;1;0;10000;-100000;0;0;SS_BULLET_PBP;
effects\weapons\bullet_qsc;0;0;0;0;-1;9001;108776;820;1111;16000;255000;0;192;192;0;0.07;0.07;1.0;231;237;52;25210;0;1113;0;255;3500;0;0;0;0;0;0;0;4;4;12500;2870;128;10000;25;1;0;10000;-100000;0;0;SS_BULLET_QSC;
effects\weapons\bullet_LS_alpha;0;0;0;0.5;-1;9001;16370;163;907;6400;365000;512;255;255;255;0.07;0.07;1.0;0;196;185;4150;0;112;0;180;0;10;2000;150;0;0;0;0;0;0;2089;510;128;10000;25;1;0;10000;-100000;0;0;SS_BULLET_PPG;
10458;0;0;0;0;-1;9001;5846;82;816;800;1650000;256;255;255;255;10.0;10.0;10.0;232;196;157;930;0;0;0;255;0;0;0;0;0;0;44;10;0;0;1050;160;128;10000;25;1;0;10000;-100000;0;0;SS_BULLET_EMDA;
10458;0;0;0;0;-1;9001;1900;14;912;400;3490000;256;91;118;129;0.13;0.13;30.0;0;50;49;1400;0;0;0;255;0;0;0;0;0;0;0;0;0;0;512;440;128;10000;25;1;0;10000;-100000;0;0;SS_BULLET_MT;
