1;489;
SS_FAC_A_SHIP;975;970;525;640;3950;3945;4559;
SS_FAC_S_SHIP;975;970;525;640;3950;3945;4559;
SS_FAC_P_SHIP;975;970;525;640;3950;3945;4559;
SS_FAC_B_SHIP;975;970;525;640;3950;3945;4559;
SS_FAC_T_SHIP;975;970;525;640;3950;3945;4559;
SS_FAC_X_SHIP;1045;1045;1005;1945;1765;1130;1914;
SS_FAC_A_TECH204;620;1380;420;770;545;545;1353;
SS_FAC_B_TECH204;620;1380;420;770;545;545;1353;
SS_FAC_P_TECH204;620;1380;420;770;545;545;1353;
SS_FAC_S_TECH204;620;1380;420;770;545;545;1353;
SS_FAC_T_TECH204;620;1380;420;770;545;545;1353;
SS_FAC_A_TECH205;995;475;510;595;490;485;1014;
SS_FAC_B_TECH205;995;475;510;595;490;485;1014;
SS_FAC_P_TECH205;995;475;510;595;490;485;1014;
SS_FAC_S_TECH205;995;475;510;595;490;485;1014;
SS_FAC_T_TECH205;995;475;510;595;490;485;1014;
SS_FAC_A_TECH206;795;545;765;460;560;545;794;
SS_FAC_B_TECH206;795;545;765;460;560;545;794;
SS_FAC_P_TECH206;795;545;765;460;560;545;794;
SS_FAC_S_TECH206;795;545;765;460;560;545;794;
SS_FAC_T_TECH206;795;545;765;460;560;545;794;
SS_FAC_A_TECH207;855;785;510;160;775;460;827;
SS_FAC_B_TECH207;855;785;510;160;775;460;827;
SS_FAC_P_TECH207;855;785;510;160;775;460;827;
SS_FAC_S_TECH207;855;785;510;160;775;460;827;
SS_FAC_T_TECH207;855;785;510;160;775;460;827;
SS_FAC_A_TECH208;275;550;540;450;595;590;603;
SS_FAC_B_TECH208;275;550;540;450;595;590;603;
SS_FAC_P_TECH208;275;550;540;450;595;590;603;
SS_FAC_S_TECH208;275;550;540;450;595;590;603;
SS_FAC_T_TECH208;275;550;540;450;595;590;603;
SS_FAC_A_MISSILE_A;995;865;620;630;840;840;964;
SS_FAC_A_MISSILE_B;230;365;705;680;285;710;681;
SS_FAC_A_MISSILE_D;695;675;345;395;1105;1025;1074;
SS_FAC_B_MISSILE_A;995;865;620;630;840;840;964;
SS_FAC_B_MISSILE_C;585;590;565;595;700;735;749;
SS_FAC_P_MISSILE_B;230;365;705;680;285;710;681;
SS_FAC_P_MISSILE_E;725;725;725;720;575;570;696;
SS_FAC_S_MISSILE_B;230;365;705;680;285;710;681;
SS_FAC_S_MISSILE_C;585;590;565;595;700;735;749;
SS_FAC_S_MISSILE_D;695;675;345;395;1105;1025;1074;
SS_FAC_T_MISSILE_A;995;865;620;630;840;840;964;
SS_FAC_T_MISSILE_D;695;675;345;395;1105;1025;1074;
SS_FAC_P_MINE;1150;680;485;280;435;400;1161;
SS_FAC_S_MINE;1150;680;485;280;435;400;1161;
SS_FAC_T_MINE;1150;680;485;280;435;400;1161;
SS_FAC_A_OLASER;1040;1195;660;365;1000;705;1205;
SS_FAC_P_OLASER;1040;1195;660;365;1000;705;1205;
SS_FAC_S_OLASER;1040;1195;660;365;1000;705;1205;
SS_FAC_A_DRONE;1000;515;565;735;725;725;990;
SS_FAC_B_DRONE;1000;515;565;735;725;725;990;
SS_FAC_S_DRONE;1000;515;565;735;725;725;990;
SS_FAC_T_DRONE;1000;515;565;735;725;725;990;
SS_FAC_A_SAT;870;685;845;295;550;705;841;
SS_FAC_B_SAT;870;685;845;295;550;705;841;
SS_FAC_S_SAT;870;685;845;295;550;705;841;
SS_FAC_T_SAT;870;685;845;295;550;705;841;
SS_FAC_A_SAT2;840;660;400;550;635;835;822;
SS_FAC_P_SAT2;840;660;400;550;635;835;822;
SS_FAC_S_SAT2;840;660;400;550;635;835;822;
SS_FAC_A_LS;1100;510;325;785;235;225;1140;
SS_FAC_B_LS;1100;510;325;785;235;225;1140;
SS_FAC_S_LS;1100;510;325;785;235;225;1140;
SS_FAC_T_LS;1100;510;325;785;235;225;1140;
SS_FAC_B_LWEP_COMPLEX;725;765;375;345;740;735;788;
SS_FAC_S_PR;665;1715;670;670;370;705;1703;
SS_FAC_B_PR;665;1715;670;670;370;705;1703;
SS_FAC_P_PR;665;1715;670;670;370;705;1703;
SS_FAC_A_PR;665;1715;670;670;370;705;1703;
SS_FAC_P_PL;800;1195;385;395;360;355;1186;
SS_FAC_A_LWEP_COMPLEX;725;765;375;345;740;735;788;
SS_FAC_T_PR;665;1715;670;670;370;705;1703;
SS_FAC_A_PL;800;1195;385;395;360;355;1186;
SS_FAC_T_PL;800;1195;385;395;360;355;1186;
SS_FAC_P_CIG;1165;1160;485;370;560;560;1145;
SS_FAC_S_PL;800;1195;385;395;360;355;1186;
SS_FAC_A_MWEP_COMPLEX;660;1665;305;630;700;855;1656;
SS_FAC_P_LWEP_COMPLEX;725;765;375;345;740;735;788;
SS_FAC_A_CIG;1165;1160;485;370;560;560;1145;
SS_FAC_T_GAUSS;795;815;670;670;565;705;795;
SS_FAC_B_PPC;340;1265;610;610;570;565;1241;
SS_FAC_P_PPC;340;1265;610;610;570;565;1241;
SS_FAC_A_PPC;340;1265;610;610;570;565;1241;
SS_FAC_S_PPC;340;1265;610;610;570;565;1241;
SS_FAC_P_BEAM;1165;1160;485;370;560;560;1145;
SS_FAC_T_PPC;340;1265;610;610;570;565;1241;
SS_FAC_P_FBL;830;845;570;535;605;600;880;
SS_FAC_T_CIG;1165;1160;485;370;560;560;1145;
SS_FAC_P_PSG;1300;1065;670;685;720;700;1269;
SS_FAC_T_FLAK;795;815;560;495;560;545;786;
SS_FAC_P_HWEP2_COMPLEX;990;995;715;780;1090;1085;1070;
SS_FAC_T_HWEP_COMPLEX;990;995;715;780;1090;1085;1070;
SS_FAC_PS_GAMMA;795;815;670;670;565;705;795;
SS_FAC_A_MASS;1255;1165;590;495;560;560;1237;
SS_FAC_S_MASS;1255;1165;590;495;560;560;1237;
SS_FAC_A_AMMO;415;525;335;335;560;485;527;
SS_FAC_S_AMMO;415;525;335;335;560;485;527;
SS_FAC_B_ION;415;525;335;335;560;485;527;
SS_FAC_S_ESR;970;1190;580;615;460;480;1175;
SS_FAC_A_SWEP_COMPLEX;725;765;375;345;740;735;788;
SS_FAC_B_CIG;1165;1160;485;370;560;560;1145;
SS_FAC_S_LWEP_COMPLEX;725;765;375;345;740;735;788;
SS_FAC_P_DRILL;1160;515;220;735;455;450;1201;
SS_FAC_T_DRILL;1160;515;220;735;455;450;1201;
SS_FAC_B_IONC;1040;1195;660;365;1000;705;1205;
SS_FAC_S_BEAM;340;1265;610;610;570;565;1241;
SS_FAC_A_CFLAK;630;665;530;575;855;870;841;
SS_FAC_B_HWEP_COMPLEX;990;995;715;780;1090;1085;1070;
SS_FAC_A_BEAM;340;1265;610;610;570;565;1241;
SS_FAC_P_HWEP_COMPLEX;990;995;715;780;1090;1085;1070;
SS_FAC_A_PRG;845;930;405;355;435;430;895;
SS_FAC_T_EBC;840;755;540;565;555;550;833;
SS_FAC_B_IONP;1110;1165;385;395;360;355;1143;
SS_FAC_S_PBE;1000;515;565;735;725;725;990;
SS_FAC_B_MWEP_COMPLEX;660;1665;305;630;700;855;1656;
SS_FAC_S_CIG;1165;1160;485;370;560;560;1145;
SS_FAC_A_SHIELD_A;545;545;545;140;565;825;860;
SS_FAC_T_SHIELD_A;545;545;545;140;565;825;860;
SS_FAC_P_SHIELD_B;545;545;545;140;565;825;860;
SS_FAC_T_SHIELD_B;545;545;545;140;565;825;860;
SS_FAC_A_LSHIELD_COMPLEX;845;850;550;410;1235;990;1271;
SS_FAC_B_LSHIELD_COMPLEX;845;850;550;410;1235;990;1271;
SS_FAC_P_LSHIELD_COMPLEX;845;850;550;410;1235;990;1271;
SS_FAC_S_LSHIELD_COMPLEX;845;850;550;410;1235;990;1271;
SS_FAC_T_LSHIELD_COMPLEX;845;850;550;410;1235;990;1271;
SS_FAC_P_SHIELD_C;545;545;545;140;565;825;860;
SS_FAC_S_SHIELD_C;545;545;545;140;565;825;860;
SS_FAC_A_SHIELD_D;545;545;545;140;565;825;860;
SS_FAC_B_SHIELD_D;545;545;545;140;565;825;860;
SS_FAC_A_MSHIELD_COMPLEX;960;965;660;410;1455;1265;1422;
SS_FAC_B_MSHIELD_COMPLEX;960;965;660;410;1455;1265;1422;
SS_FAC_P_MSHIELD_COMPLEX;960;965;660;410;1455;1265;1422;
SS_FAC_S_MSHIELD_COMPLEX;960;965;660;410;1455;1265;1422;
SS_FAC_T_MSHIELD_COMPLEX;960;965;660;410;1455;1265;1422;
SS_FAC_B_SHIELD_E;545;545;545;140;565;825;860;
SS_FAC_S_SHIELD_E;545;545;545;140;565;825;860;
SS_FAC_A_SHIELD_F;545;545;545;140;565;825;860;
SS_FAC_P_SHIELD_F;545;545;545;140;565;825;860;
SS_FAC_A_HSHIELD_COMPLEX;1200;965;400;640;1470;645;1445;
SS_FAC_B_HSHIELD_COMPLEX;1200;965;400;640;1470;645;1445;
SS_FAC_P_HSHIELD_COMPLEX;1200;965;400;640;1470;645;1445;
SS_FAC_S_HSHIELD_COMPLEX;1200;965;400;640;1470;645;1445;
SS_FAC_T_HSHIELD_COMPLEX;1200;965;400;640;1470;645;1445;
SS_FAC_R214;1615;1620;615;225;1070;1825;1793;
SS_FAC_R214_1;2275;2280;615;225;1450;2585;2555;
SS_FAC_R215;730;740;645;675;950;435;918;
SS_FAC_R215_1;730;740;695;1175;1705;440;1673;
SS_FAC_R224;1010;1010;400;590;1140;715;1107;
SS_FAC_R224_1;1010;1010;600;880;1130;720;1098;
SS_FAC_R225;745;920;440;480;650;645;971;
SS_FAC_R225_1;910;480;505;460;390;385;886;
SS_FAC_R234;1100;1120;275;175;1170;980;1136;
SS_FAC_R234_1;1720;1755;275;170;1830;1530;1797;
SS_FAC_R235;535;680;500;160;630;630;718;
SS_FAC_R235_1;395;655;545;250;710;710;677;
SS_FAC_R244;685;525;385;615;1290;1285;1266;
SS_FAC_R244_1;445;765;525;575;2050;2045;2030;
SS_FAC_R245;265;280;495;380;1020;805;986;
SS_FAC_R245_1;270;275;500;375;555;2030;2002;
SS_FAC_R254;260;705;700;185;1305;1300;1283;
SS_FAC_R254_1;620;945;795;280;1290;1285;1267;
SS_FAC_R255;840;660;400;550;635;835;822;
SS_FAC_R255_1;840;660;400;550;635;835;822;
SS_FAC_R256;855;440;405;455;1095;1090;1069;
SS_FAC_R256_1;735;735;240;455;1270;1260;1245;
SS_FAC_F217;300;305;705;370;975;1215;1195;
SS_FAC_F217_1;300;305;705;380;1140;1375;1356;
SS_FAC_F218;245;270;265;335;1370;685;1350;
SS_FAC_F218_1;265;270;265;345;1370;1115;1350;
SS_FAC_F219;410;685;500;525;430;425;667;
SS_FAC_F219_1;670;890;500;715;570;570;856;
SS_FAC_F227;1850;655;1035;780;1010;1030;1814;
SS_FAC_F227_1;1850;880;1375;780;1400;1420;1814;
SS_FAC_F228;635;635;535;345;810;485;782;
SS_FAC_F228_1;635;635;515;495;800;485;782;
SS_FAC_F237;360;450;580;150;425;415;614;
SS_FAC_F237_1;710;1025;485;335;945;975;1002;
SS_FAC_F238;535;530;500;365;830;825;807;
SS_FAC_F238_1;400;1195;500;520;825;825;1161;
SS_FAC_F247;930;700;485;505;645;645;970;
SS_FAC_F247_1;1460;700;775;770;830;810;1499;
SS_FAC_F248;670;705;1355;680;720;720;1349;
SS_FAC_F248_1;1120;925;1355;1005;1105;1110;1349;
SS_FAC_F257;665;675;485;435;475;690;678;
SS_FAC_F257_1;1155;1240;485;435;890;600;1198;
SS_FAC_F258;515;480;745;450;370;375;737;
SS_FAC_F258_1;400;585;405;435;385;370;636;
SS_FAC_A_POWER;3060;3060;495;795;3160;2765;3134;
SS_FAC_A_POWER_1;3060;3060;495;795;3160;2765;3134;
SS_FAC_A_POWER_2;3060;3060;495;795;3160;2765;3134;
SS_FAC_B_POWER;3060;3060;495;795;3160;2765;3134;
SS_FAC_B_POWER_1;3060;3060;495;795;3160;2765;3134;
SS_FAC_B_POWER_2;3060;3060;495;795;3160;2765;3134;
SS_FAC_P_POWER;3060;3060;495;795;3160;2765;3134;
SS_FAC_P_POWER_1;3060;3060;495;795;3160;2765;3134;
SS_FAC_P_POWER_2;3060;3060;495;795;3160;2765;3134;
SS_FAC_S_POWER;3060;3060;495;795;3160;2765;3134;
SS_FAC_S_POWER_1;3060;3060;495;795;3160;2765;3134;
SS_FAC_S_POWER_2;3060;3060;495;795;3160;2765;3134;
SS_FAC_T_POWER;3060;3060;495;795;3160;2765;3134;
SS_FAC_T_POWER_1;3060;3060;495;795;3160;2765;3134;
SS_FAC_T_POWER_2;3060;3060;495;795;3160;2765;3134;
SS_FAC_X_POWER;3060;3060;495;795;3160;2765;3134;
SS_FAC_A_ORE;3275;3700;3995;3030;2645;4530;4569;
SS_FAC_A_ORE_1;3275;3700;3995;3030;2645;4750;4816;
SS_FAC_B_ORE;3275;3700;3995;3030;2645;4530;4569;
SS_FAC_B_ORE_1;3275;3700;3995;3030;2645;4750;4816;
SS_FAC_P_ORE;3275;3700;3995;3030;2645;4530;4569;
SS_FAC_P_ORE_1;3275;3700;3995;3030;2645;4750;4816;
SS_FAC_S_ORE;3275;3700;3995;3030;2645;4530;4569;
SS_FAC_S_ORE_1;3275;3700;3995;3030;2645;4750;4816;
SS_FAC_T_ORE;3275;3700;3995;3030;2645;4530;4569;
SS_FAC_T_ORE_1;3275;3700;3995;3030;2645;4750;4816;
SS_FAC_A_SIL;3275;3700;3995;3030;2645;4165;4136;
SS_FAC_A_SIL_1;3275;3700;3995;3030;2645;4900;4970;
SS_FAC_B_SIL;3275;3700;3995;3030;2645;4165;4136;
SS_FAC_B_SIL_1;3275;3700;3995;3030;2645;4900;4970;
SS_FAC_P_SIL;3275;3700;3995;3030;2645;4165;4136;
SS_FAC_P_SIL_1;3275;3700;3995;3030;2645;4900;4970;
SS_FAC_S_SIL;3275;3700;3995;3030;2645;4165;4136;
SS_FAC_S_SIL_1;3275;3700;3995;3030;2645;4900;4970;
SS_FAC_T_SIL;3275;3700;3995;3030;2645;4165;4136;
SS_FAC_T_SIL_1;3275;3700;3995;3030;2645;4900;4970;
SS_FAC_A_COMPLEX;590;585;340;445;760;430;679;
SS_FAC_B_COMPLEX;590;585;340;445;760;430;679;
SS_FAC_P_COMPLEX;590;585;340;445;760;430;679;
SS_FAC_S_COMPLEX;590;585;340;445;760;430;679;
SS_FAC_T_COMPLEX;590;585;340;445;760;430;679;
SS_FAC_A_CCKIT;590;585;340;445;760;430;679;
SS_FAC_B_CCKIT;590;585;340;445;760;430;679;
SS_FAC_P_CCKIT;590;585;340;445;760;430;679;
SS_FAC_S_CCKIT;590;585;340;445;760;430;679;
SS_FAC_T_CCKIT;590;585;340;445;760;430;679;
SS_FAC_TC_MINE;2195;2050;1960;1925;1520;3225;3292;
SS_FAC_PLEASURE_C;1160;885;735;730;1110;1105;1478;
SS_FAC_MISSILE_DIS;230;365;705;680;285;710;681;
SS_FAC_S_SF_FARM;1160;885;735;730;1110;1105;1478;
SS_FAC_P_CRYSTALSPLITTER;500;595;315;550;565;530;615;
SS_FAC_HQ;450;625;600;320;575;570;609;
SS_FAC_DON_MARANI;975;970;525;640;3950;3945;4559;
SS_FAC_CLOAK;800;1195;385;395;360;355;1186;
SS_FAC_DEST_CLOAK;110;145;475;445;240;325;452;
SS_FAC_A_DUMBFIRE_COMPLEX;595;595;370;400;810;805;828;
SS_FAC_B_DUMBFIRE_COMPLEX;595;595;370;400;810;805;828;
SS_FAC_P_DUMBFIRE_COMPLEX;595;595;370;400;810;805;828;
SS_FAC_S_DUMBFIRE_COMPLEX;595;595;370;400;810;805;828;
SS_FAC_T_DUMBFIRE_COMPLEX;595;595;370;400;810;805;828;
SS_FAC_A_SWARM_COMPLEX;925;930;685;1060;445;505;1034;
SS_FAC_B_SWARM_COMPLEX;925;930;685;1060;445;505;1034;
SS_FAC_P_SWARM_COMPLEX;925;930;685;1060;445;505;1034;
SS_FAC_S_SWARM_COMPLEX;925;930;685;1060;445;505;1034;
SS_FAC_T_SWARM_COMPLEX;925;930;685;1060;445;505;1034;
SS_FAC_A_SEEKER_COMPLEX;735;735;655;1315;640;505;1289;
SS_FAC_B_SEEKER_COMPLEX;735;735;655;1315;640;505;1289;
SS_FAC_P_SEEKER_COMPLEX;735;735;655;1315;640;505;1289;
SS_FAC_S_SEEKER_COMPLEX;735;735;655;1315;640;505;1289;
SS_FAC_T_SEEKER_COMPLEX;735;735;655;1315;640;505;1289;
SS_FAC_A_IMAGERECOG_COMPLEX;460;570;475;960;440;505;934;
SS_FAC_B_IMAGERECOG_COMPLEX;460;570;475;960;440;505;934;
SS_FAC_P_IMAGERECOG_COMPLEX;460;570;475;960;440;505;934;
SS_FAC_S_IMAGERECOG_COMPLEX;460;570;475;960;440;505;934;
SS_FAC_T_IMAGERECOG_COMPLEX;460;570;475;960;440;505;934;
SS_FAC_A_HIGHYIELD_COMPLEX;680;685;600;910;445;545;884;
SS_FAC_B_HIGHYIELD_COMPLEX;680;685;600;910;445;545;884;
SS_FAC_P_HIGHYIELD_COMPLEX;680;685;600;910;445;545;884;
SS_FAC_S_HIGHYIELD_COMPLEX;680;685;600;910;445;545;884;
SS_FAC_T_HIGHYIELD_COMPLEX;680;685;600;910;445;545;884;
SS_FAC_A_MISSILE_DMBF;480;475;345;345;600;645;618;
SS_FAC_S_MISSILE_HTSK;590;600;585;590;695;690;671;
SS_FAC_B_MISSILE_FF;605;755;705;740;545;540;805;
SS_FAC_P_MISSILE_PROX;805;815;700;720;765;760;783;
SS_FAC_T_MISSILE_TRAK;740;785;560;830;935;930;902;
SS_FAC_B_MISSILE_PROXTRAK;890;770;900;940;620;615;906;
SS_FAC_S_MISSILE_SWRMDMBF;980;980;510;500;730;725;950;
SS_FAC_T_MISSILE_SWRM;770;815;535;555;845;845;816;
SS_FAC_A_MISSILE_TORP;555;560;640;670;1020;940;991;
SS_FAC_P_MISSILE_SYN;850;855;495;525;460;455;824;
SS_FAC_A_ORE_2;2195;2050;1960;1925;1520;2850;2891;
SS_FAC_A_ORE_3;2195;2050;1960;1925;1520;3225;3292;
SS_FAC_B_ORE_2;2195;2050;1960;1925;1520;2850;2891;
SS_FAC_B_ORE_3;2195;2050;1960;1925;1520;3225;3292;
SS_FAC_P_ORE_2;2195;2050;1960;1925;1520;2850;2891;
SS_FAC_P_ORE_3;2195;2050;1960;1925;1520;3225;3292;
SS_FAC_S_ORE_2;2195;2050;1960;1925;1520;2850;2891;
SS_FAC_S_ORE_3;2195;2050;1960;1925;1520;3225;3292;
SS_FAC_T_ORE_2;2195;2050;1960;1925;1520;2850;2891;
SS_FAC_T_ORE_3;2195;2050;1960;1925;1520;3225;3292;
SS_FAC_A_SIL_2;2195;2050;1960;1925;1520;2485;2458;
SS_FAC_A_SIL_3;2195;2050;1960;1925;1520;3225;3292;
SS_FAC_B_SIL_2;2195;2050;1960;1925;1520;2485;2458;
SS_FAC_B_SIL_3;2195;2050;1960;1925;1520;3225;3292;
SS_FAC_P_SIL_2;2195;2050;1960;1925;1520;2485;2458;
SS_FAC_P_SIL_3;2195;2050;1960;1925;1520;3225;3292;
SS_FAC_S_SIL_2;2195;2050;1960;1925;1520;2485;2458;
SS_FAC_S_SIL_3;2195;2050;1960;1925;1520;3225;3292;
SS_FAC_T_SIL_2;2195;2050;1960;1925;1520;2485;2458;
SS_FAC_T_SIL_3;2195;2050;1960;1925;1520;3225;3292;
SS_FAC_CLOAK_GENERATOR;95;100;100;95;110;105;73;
SS_FAC_P_CRYSTALSPLITTER2;800;1195;385;395;360;355;1186;
SS_FAC_S_TRACTORBEAM;1255;1165;590;495;560;560;1237;
SS_FAC_P_TRACTORBEAM;1255;1165;590;495;560;560;1237;
SS_FAC_K_SHIP;975;970;525;640;3950;3945;4559;
SS_FAC_A_SHIP_SMALL;975;970;525;640;3950;3945;4559;
SS_FAC_A_SHIP_BIG;6720;6725;4585;7790;6645;6640;8072;
SS_FAC_S_SHIP_SMALL;975;970;525;640;3950;3945;4559;
SS_FAC_S_SHIP_BIG;1195;1200;1325;1610;4805;4840;6321;
SS_FAC_P_SHIP_SMALL;975;970;525;640;3950;3945;4559;
SS_FAC_P_SHIP_BIG;2845;2850;3270;3195;3905;3905;5989;
SS_FAC_B_SHIP_SMALL;975;970;525;640;3950;3945;4559;
SS_FAC_B_SHIP_BIG;2510;2515;1425;1555;5760;5755;6872;
SS_FAC_T_SHIP_SMALL;975;970;525;640;3950;3945;4559;
SS_FAC_T_SHIP_BIG;1910;1910;1875;1560;6455;6450;7090;
SS_FAC_X_SHIP_SMALL;975;970;525;640;3950;3945;4559;
SS_FAC_Y_SHIP;975;970;525;640;3950;3945;4559;
SS_FAC_Y_SHIP2;975;970;525;640;3950;3945;4559;
SS_FAC_G_SHIP;975;970;525;640;3950;3945;4559;
SS_FAC_PI_SHIP;975;970;525;640;3950;3945;4559;
SS_FAC_PI_SHIP2;975;970;525;640;3950;3945;4559;
SS_FAC_F_SHIP0;975;970;525;640;3950;3945;4559;
SS_FAC_F_SHIP1;975;970;525;640;3950;3945;4559;
SS_FAC_F_SHIP2;975;970;525;640;3950;3945;4559;
SS_FAC_F_SHIP3;975;970;525;640;3950;3945;4559;
SS_FAC_F_SHIP4;975;970;525;640;3950;3945;4559;
SS_FAC_F_SHIP5;975;970;525;640;3950;3945;4559;
SS_FAC_A_SHIP_SCRAP;975;970;525;640;3950;3945;4559;
SS_FAC_S_SHIP_SCRAP;975;970;525;640;3950;3945;4559;
SS_FAC_P_SHIP_SCRAP;975;970;525;640;3950;3945;4559;
SS_FAC_B_SHIP_SCRAP;975;970;525;640;3950;3945;4559;
SS_FAC_T_SHIP_SCRAP;975;970;525;640;3950;3945;4559;
SS_FAC_I_SHIP_SCRAP0;975;970;525;640;3950;3945;4559;
SS_FAC_I_SHIP_SCRAP1;975;970;525;640;3950;3945;4559;
SS_FAC_TR_SHIP;14060;13970;13455;11820;17270;22085;22056;
SS_FAC_TR_F5;1840;1840;1525;1635;1840;1840;1808;
SS_FAC_TR_F5_1;2275;2205;2650;4160;2265;2370;4389;
SS_FAC_TR_F6;1840;1840;1525;1635;1840;1840;1808;
SS_FAC_TR_F6_1;2275;2205;2650;4160;2265;2370;4389;
SS_FAC_TR_ORE;3275;3700;3995;3255;2645;6785;6755;
SS_FAC_TR_WATER;2275;2205;2650;4160;2265;2370;4389;
SS_FAC_TR_EMP;2035;2190;3215;3970;2010;1080;4051;
SS_FAC_TR_MAM;2035;2190;3215;3970;2010;1080;4051;
SS_FAC_TR_TERRANANTIFIGHTER;2035;2190;3215;3970;2010;1080;4051;
SS_FAC_TR_PSP;2035;2190;3215;3970;2010;1080;4051;
SS_FAC_FUSIONBEAM;2035;2190;3215;3970;2010;1080;4051;
SS_FAC_TR_SPECTRE;2885;2890;2450;2665;2890;2885;2854;
SS_FAC_TR_POLTERGEIST;2885;2890;2450;2665;2890;2885;2854;
SS_FAC_TR_WRAITH;2885;2890;2450;2665;2890;2885;2854;
SS_FAC_TR_TECH7;2885;2890;2450;2665;2890;2885;2854;
SS_FAC_TR_TECH8;2885;2890;2450;2665;2890;2885;2854;
SS_FAC_SOLDIER_1;1115;335;285;1035;1185;725;1832;
SS_FAC_A_SOLDIER_2;1115;335;285;1035;1185;725;1832;
SS_FAC_B_MINE_2;820;825;530;555;635;620;838;
SS_FAC_S_MINE_3;820;825;530;555;635;620;838;
SS_FAC_TR_MINE;5475;6985;1390;3130;5755;4460;6954;
SS_FAC_TR_ARMS;5475;6985;1390;3130;5755;4460;6954;
SS_FAC_TR_BOMBER;2885;2890;2450;2665;2890;2885;2854;
SS_FAC_TR_TORP_CAPITAL;2885;2890;2450;2665;2890;2885;2854;
SS_FAC_TR_AF_CAPITAL;2885;2890;2450;2665;2890;2885;2854;
SS_FAC_A_ARMS_1;855;870;400;385;395;325;834;
SS_FAC_P_ARMS_1;855;870;400;385;395;325;834;
SS_FAC_S_ARMS_1;855;870;400;385;395;325;834;
SS_FAC_T_ARMS_1;855;870;400;385;395;325;834;
SS_FAC_S_ARMS_2;1060;1065;465;370;485;475;1029;
SS_FAC_B_RECONDRONE;915;935;525;505;710;685;904;
SS_FAC_T_AMMO_BETA;530;530;560;680;400;370;751;
SS_FAC_T_AMMO_GAMMA;930;910;480;515;730;645;903;
SS_FAC_A_BOMBER;785;790;545;245;495;680;754;
SS_FAC_B_BOMBER;785;790;545;245;495;680;754;
SS_FAC_P_BOMBER;785;790;545;245;495;680;754;
SS_FAC_S_BOMBER;785;790;545;245;495;680;754;
SS_FAC_T_BOMBER;785;790;545;245;495;680;754;
SS_FAC_A_TORP_CAPITAL;685;690;695;725;785;770;828;
SS_FAC_B_TORP_CAPITAL;685;690;695;725;785;770;828;
SS_FAC_P_TORP_CAPITAL;685;690;695;725;785;770;828;
SS_FAC_S_TORP_CAPITAL;685;690;695;725;785;770;828;
SS_FAC_T_TORP_CAPITAL;685;690;695;725;785;770;828;
SS_FAC_A_AF_CAPITAL;605;610;715;705;830;825;798;
SS_FAC_B_AF_CAPITAL;605;610;715;705;830;825;798;
SS_FAC_P_AF_CAPITAL;605;610;715;705;830;825;798;
SS_FAC_S_AF_CAPITAL;605;610;715;705;830;825;798;
SS_FAC_T_AF_CAPITAL;605;610;715;705;830;825;798;
SS_FAC_TR_ICE;3275;3700;3995;3255;2645;6785;6755;
SS_FAC_PI_PD;615;655;470;485;700;775;750;
SS_FAC_PI_IBL;815;800;465;385;840;835;805;
SS_FAC_T_LWEP_COMPLEX;725;765;375;345;740;735;788;
SS_FAC_A_HWEP_COMPLEX;990;995;715;780;1090;1085;1070;
SS_FAC_TR_POWER;7525;7535;2175;4525;7530;7525;7499;
SS_FAC_TR_POWER_1;7525;7535;2175;4525;7530;7525;7499;
SS_FAC_TR_POWER_2;11865;11875;2175;4525;11875;11870;11840;
SS_FAC_LC_1;3275;3700;3995;3030;2645;4530;4569;
SS_FAC_LC_2;765;1130;805;970;750;780;1145;
SS_FAC_LC_3;870;875;745;840;850;860;908;
SS_FAC_LC_4;820;820;745;840;850;860;908;
SS_FAC_LC_5;410;415;415;415;720;695;697;
SS_FAC_LC_6;19055;14480;10180;21485;14350;52515;52487;
SS_FAC_LC_7;925;920;495;990;645;945;990;
SS_FAC_TR_ORE_1;3275;3700;3995;3255;2645;6785;6755;
SS_FAC_TR_ICE_1;3275;3700;3995;3255;2645;6785;6755;
SS_FAC_OTAS_SHIP;975;970;525;640;3950;3945;4559;
SS_FAC_PI_SHIP_SMALL;975;970;525;640;3950;3945;4559;
SS_FAC_Y_SHIP_SMALL;3065;3065;700;755;2145;1695;3032;
SS_FAC_TR_KERIS;2885;2890;2450;2665;2890;2885;2854;
SS_FAC_LC_EEMPC;925;920;495;990;645;945;990;
SS_FAC_A_DRONE_COMPLEX;1000;515;565;735;725;725;990;
SS_FAC_B_DRONE_COMPLEX;1000;515;565;735;725;725;990;
SS_FAC_S_DRONE_COMPLEX;1000;515;565;735;725;725;990;
SS_FAC_T_DRONE_COMPLEX;1000;515;565;735;725;725;990;
SS_FAC_A_DRONE_MK2;1000;515;565;735;725;725;990;
SS_FAC_S_DRONE_MK2;1000;515;565;735;725;725;990;
SS_FAC_TR_POWER_PL;7525;7535;2175;4525;7530;7525;7499;
SS_FAC_TR_POWER_PL_1;7525;7535;2175;4525;7530;7525;7499;
SS_FAC_TR_POWER_PL_2;11865;11875;2175;4525;11875;11870;11840;
SS_FAC_TR_ORE_PL;3275;3700;3995;3255;2645;6785;6755;
SS_FAC_TR_ORE_PL_1;3275;3700;3995;3255;2645;6785;6755;
SS_FAC_TR_SIL_PL;3275;3700;3995;3255;2645;6785;6755;
SS_FAC_TR_SIL_PL_1;3275;3700;3995;3255;2645;6785;6755;
SS_FAC_TR_PROTEIN_PL;675;675;1490;1490;675;675;1458;
SS_FAC_TR_PROTEIN_PL_1;675;675;1490;1490;675;675;1458;
SS_FAC_TR_WATER_PL;675;675;1490;1490;675;675;1458;
SS_FAC_TR_WATER_PL_1;675;675;1490;1490;675;675;1458;
SS_FAC_TR_CRYSTAL_PL;585;585;370;465;470;465;771;
SS_FAC_TR_CRYSTAL_PL_1;585;585;370;465;470;465;771;
SS_FAC_TR_MRE_PL;2925;2930;255;320;475;480;2896;
SS_FAC_TR_MRE_PL_1;2925;2930;255;320;475;480;2896;
SS_FAC_TR_CARBO_PL;675;675;1490;1490;675;675;1458;
SS_FAC_TR_CARBO_PL_1;675;675;1490;1490;675;675;1458;
SS_FAC_TR_EMP_PL;2720;2725;940;1055;895;1060;2756;
SS_FAC_TR_MAM_LAUNCH_PL;4865;4870;905;910;3610;3750;4995;
SS_FAC_TR_PSP_PL;1800;1805;370;485;475;475;1771;
SS_FAC_TR_TERRANANTIFIGHTER_PL;855;855;300;300;615;610;951;
SS_FAC_TR_KERIS_PL;710;710;260;465;475;475;771;
SS_FAC_TR_TORP_CAPITAL_PL;710;710;670;245;500;495;807;
SS_FAC_TR_BOMBER_PL;710;710;260;465;475;475;771;
SS_FAC_TR_POLTERGEIST_PL;2720;2725;940;1055;895;1060;2756;
SS_FAC_TR_WRAITH_PL;710;710;670;245;500;495;807;
SS_FAC_A_TECH205_1;915;935;525;505;710;685;904;
SS_FAC_B_TECH205_1;915;935;525;505;710;685;904;
SS_FAC_P_TECH205_1;915;935;525;505;710;685;904;
SS_FAC_S_TECH205_1;915;935;525;505;710;685;904;
SS_FAC_T_TECH205_1;915;935;525;505;710;685;904;
SS_FAC_TR_CCKIT_PL;480;490;335;360;605;420;679;
SS_FAC_TR_COMPLEX_PL;480;490;335;360;605;420;679;
SS_FAC_TR_F6_PL;1795;1795;360;475;465;465;1771;
SS_FAC_TR_F6_PL_1;1795;1795;360;475;465;465;1771;
SS_FAC_TR_TECH7_PL;700;700;250;460;465;465;771;
SS_FAC_TR_TECH8_PL;700;700;250;460;465;465;771;
SS_FAC_TR_MINE_PL;700;700;250;460;465;465;771;
SS_FAC_TR_ARMS_PL;700;700;250;460;465;465;771;
SS_FAC_TR_SPECTRE_PL;2715;2710;930;1050;885;1050;2756;
SS_FAC_TR_AF_CAPITAL_PL;2715;2710;930;1050;885;1050;2756;
SS_FAC_TR_VITA_KI_PL;2920;2920;245;315;460;470;2896;
SS_FAC_TR_VITA_KI_PL_1;2920;2920;245;315;460;470;2896;
SS_FAC_TR_FLAVOR_PACKS_PL;2920;2920;245;315;460;470;2896;
SS_FAC_TR_FLAVOR_PACKS_PL_1;2920;2920;245;315;460;470;2896;
SS_FAC_TR_ICE_PL;3195;3635;3980;3245;2630;6780;6755;
SS_FAC_TR_ICE_PL_1;3195;3635;3980;3245;2630;6780;6755;
SS_FAC_TR_ORBLASER;710;710;670;245;500;495;807;
SS_FAC_TR_BARRACKS;1115;335;285;1035;1185;725;1832;
SS_FAC_S_SF_BFARM;1160;885;735;730;1110;1105;1478;
SS_FAC_S_MARINE;1160;885;735;730;1110;1105;1478;
SS_FAC_D_MARINE;1160;885;735;730;1110;1105;1478;
SS_FAC_D_SIDEARM;855;870;400;385;395;325;834;
SS_FAC_TR_ORBLASER_PL;710;710;670;245;500;495;807;
SS_FAC_FUSIONBEAM_PL;1795;1795;360;475;465;465;1771;
SS_FAC_A_OREPROC;800;1195;385;395;360;355;1186;
SS_FAC_B_OREPROC;800;1195;385;395;360;355;1186;
SS_FAC_P_OREPROC;800;1195;385;395;360;355;1186;
SS_FAC_S_OREPROC;800;1195;385;395;360;355;1186;
SS_FAC_T_OREPROC;800;1195;385;395;360;355;1186;
SS_FAC_T_OREPROC;800;1195;385;395;360;355;1186;
SS_FAC_TR_OREPROC_PL;675;675;1490;1490;675;675;1458;
SS_FAC_TR_SILICONPROC_PL;675;675;1490;1490;675;675;1458;
SS_FAC_TR_OREPROC;2275;2205;2650;4160;2265;2370;4389;
SS_FAC_TR_SILICONPROC;2275;2205;2650;4160;2265;2370;4389;
SS_FAC_A_SILICONPROC;800;1195;385;395;360;355;1186;
SS_FAC_B_SILICONPROC;800;1195;385;395;360;355;1186;
SS_FAC_P_SILICONPROC;800;1195;385;395;360;355;1186;
SS_FAC_S_SILICONPROC;800;1195;385;395;360;355;1186;
SS_FAC_T_SILICONPROC;800;1195;385;395;360;355;1186;
SS_FAC_PC_FORGE;2035;2190;3215;3970;2010;1080;4051;
SS_FAC_PC_FORGE_PL;1800;1805;370;485;475;475;1771;
SS_FAC_TR_EE;2885;2890;2450;2665;2890;2885;2854;
SS_FAC_TR_EE_PL;700;700;250;460;465;465;771;
SS_FAC_TR_ER_PL;2715;2710;930;1050;885;1050;2756;
SS_FAC_TR_ER;2035;2190;3215;3970;2010;1080;4051;
SS_FAC_TR_WCOMPLEX;2035;2190;3215;3970;2010;1080;4051;
SS_FAC_T_FUBL;970;1190;580;615;460;480;1175;
SS_FAC_P_PPG;1165;1160;485;370;560;560;1145;
SS_FAC_P_EMDA;795;815;560;495;560;545;786;
SS_FAC_S_PBP;340;1265;610;610;570;565;1241;
